$GGA,092750.000,5321.6802,N,00630.3372,W,1,8,1.03,61.7,M,55.2,M,,*61
$GSA,A,3,10,07,05,02,29,04,08,13,,,,,1.72,1.03,1.38*1D
	$GSV,3,1,11,10,63,137,17,07,61,098,15,05,59,290,20,08,54,157,30*70
	$GSV,3,2,11,02,39,223,19,13,28,070,17,26,23,252,,04,14,186,14*79
$GSV,3,3,11,29,09,301,24,16,09,020,,36,,,*61
$RMC,092751.000,A,5321.6802,N,00630.3371,W,0.06,31.66,280511,,,A*52
$VTG,054.7,T,034.4,M,005.5,N,010.2,K*5F
$GLL,4916.45,N,12311.12,W,225444,A,*0A

$RMC,092750.000,A,5321.6802,N,00630.3372,W,0.02,31.66,280511,,,A*43
$GGA,092751.000,5321.6802,N,00630.3371,W,1,8,1.03,61.7,M,55.3,M,,*75
$GSA,A,3,10,07,05,02,29,04,08,13,,,,,1.72,1.03,1.38*0A
$GSV,3,1,11,10,63,137,17,07,61,098,15,05,59,290,20,08,54,157,30*70
$GSV,3,2,11,02,39,223,16,13,28,070,17,26,23,252,,04,14,186,15*77
$GSV,3,3,11,29,09,301,24,16,09,020,,36,,,*76

